16 22 26 27 30 40 
17 19 21 32 33 39 
3 9 27 30 32 36 
3 17 18 25 26 40 
1 4 11 19 26 31 
13 14 16 19 32 39 
2 24 30 31 39 40 
16 17 30 32 34 37 
13 18 20 21 27 31 
12 14 18 31 38 40 
10 12 20 23 36 38 
1 3 9 14 23 32 
5 14 24 26 37 42 
1 5 10 19 31 39 
3 10 19 33 35 37 
6 12 20 21 28 37 
5 6 17 21 24 26 
4 6 9 13 15 42 
8 10 11 18 20 38 
2 4 26 30 33 37 
3 7 15 28 31 41 
1 7 12 18 21 33 
13 22 29 32 35 40 
8 13 25 27 33 37 
3 11 15 16 24 41 
13 15 20 29 33 38 
4 7 13 16 30 33 
1 10 12 21 29 41 
1 14 19 20 27 28 
3 13 16 17 24 37 
4 7 14 19 31 41 
10 11 13 24 30 37 
5 6 12 18 31 39 
19 21 24 29 30 41 
6 7 13 15 36 41 
6 7 10 30 31 35 
7 8 12 33 41 42 
8 9 15 18 27 39 
1 16 21 32 36 39 
1 6 9 11 29 41 
5 13 19 27 30 31 
9 13 20 23 26 28 
7 17 22 25 31 34 
8 9 10 11 22 34 
5 6 7 13 22 32 
2 15 38 39 40 42 
4 9 23 26 31 39 
2 4 19 30 31 36 
26 29 35 36 37 40 
7 8 12 19 34 35 
1 4 8 17 18 36 
10 16 17 18 24 27 
8 9 27 33 37 38 
6 8 23 29 32 42 
5 6 9 10 36 42 
4 7 10 12 38 39 
1 11 30 32 34 41 
2 4 8 22 26 36 
12 17 26 31 35 41 
1 4 11 22 25 40 
3 10 15 25 33 38 
1 20 25 27 35 41 
3 10 33 35 37 39 
8 13 20 32 37 40 
15 16 17 25 35 40 
1 17 21 38 39 41 
3 12 15 16 23 36 
6 8 10 15 41 42 
4 17 19 20 33 42 
3 4 12 20 22 34 
5 8 11 34 38 42 
11 21 22 33 34 37 
8 9 14 20 25 30 
9 11 17 24 31 33 
2 5 6 36 37 40 
6 11 21 25 31 41 
5 6 10 24 34 41 
3 6 11 15 17 34 
16 24 29 30 33 40 
6 9 11 22 24 40 
1 9 17 27 38 41 
1 5 22 29 33 40 
4 13 16 19 25 32 
4 6 16 34 38 40 
1 14 21 23 32 36 
17 23 28 33 36 42 
8 10 11 13 35 36 
2 4 15 18 31 42 
6 9 18 25 29 37 
15 19 20 29 34 40 
7 10 28 30 32 35 
7 18 19 25 30 38 
8 9 17 23 27 35 
2 7 19 27 29 37 
2 5 6 28 32 42 
4 12 27 33 36 38 
5 6 9 29 37 42 
7 20 25 26 36 42 
13 23 26 35 39 40 
3 16 19 28 36 41 
2 18 19 21 25 35 
7 8 10 24 29 36 
3 18 20 21 30 39 
3 10 16 24 29 35 
8 15 18 28 33 40 
16 31 34 35 37 42 
10 14 15 22 30 32 
9 12 19 27 28 31 
7 17 19 21 22 28 
3 15 17 28 37 41 
7 10 11 21 28 40 
4 8 12 16 34 39 
3 9 24 32 35 36 
3 8 10 12 18 32 
6 12 13 26 29 42 
3 4 20 23 30 35 
2 10 18 33 38 40 
2 3 11 17 30 36 
1 3 6 8 13 15 
5 8 14 17 22 23 
6 13 15 17 32 38 
4 7 27 28 29 37 
2 18 19 20 21 25 
8 12 26 29 38 40 
2 10 15 18 28 41 
6 12 16 17 26 30 
8 10 23 36 37 42 
2 4 11 13 17 24 
13 15 27 28 32 36 
11 19 20 29 33 39 
19 27 31 33 35 39 
2 3 20 26 39 40 
5 14 19 31 34 42 
7 16 29 32 39 41 
4 14 16 26 34 35 
2 6 7 31 40 42 
7 12 17 35 36 40 
9 17 27 31 39 42 
8 23 30 37 39 42 
3 9 16 17 18 32 
2 3 6 31 37 42 
4 5 14 22 37 38 
7 13 18 29 35 37 
8 15 16 23 36 40 
2 8 17 19 26 34 
2 13 24 31 34 38 
3 4 20 34 35 40 
5 6 8 11 20 21 
1 3 12 21 23 25 
6 15 18 25 35 41 
13 25 28 30 35 37 
7 8 11 14 34 38 
5 19 20 24 27 28 
7 11 24 27 39 40 
14 23 24 30 36 38 
2 8 15 27 31 35 
8 15 21 23 29 42 
2 3 4 19 34 42 
1 5 10 18 34 38 
13 33 34 38 40 42 
8 16 18 25 31 41 
19 23 24 25 40 42 
12 13 16 20 22 27 
2 3 4 14 17 32 
10 12 15 19 36 37 
5 25 26 27 30 42 
25 30 32 35 39 41 
8 11 19 25 34 38 
3 12 20 22 24 25 
6 10 15 26 28 34 
12 16 28 31 33 35 
2 14 15 20 23 32 
2 3 19 21 27 37 
1 7 19 25 28 32 
4 7 8 29 31 41 
7 13 14 22 25 27 
1 9 12 19 23 25 
2 10 13 19 26 31 
2 16 24 31 36 38 
2 3 5 8 14 17 
3 5 30 32 40 41 
19 23 25 31 34 42 
10 18 24 30 35 36 
2 5 14 17 38 41 
7 11 20 23 32 37  
18 27 30 34 36 39 
8 15 24 27 29 41 
13 14 15 17 23 28
5 7 16 29 36 38 
4 22 26 30 34 37 
4 5 8 28 39 40
13 27 29 32 35 42 
6 13 16 19 23 32 
3 8 14 38 39 41 
13 20 26 39 40 41